2011/06/29  23:34:04   298.762      24.762      308.172        8.896       31.863   
2011/06/29  23:34:05   298.964      24.609      271.170        7.284       32.079   
2011/06/29  23:34:06   298.762      24.748      233.207        5.951       31.940   
2011/06/29  23:34:07   298.762      24.825      244.579        5.868       30.308   
2011/06/29  23:34:08   298.561      24.957      290.536        7.111       30.078   
2011/06/29  23:34:09   298.762      24.846      326.005        8.670       30.050   
2011/06/29  23:34:10   298.561      24.741      325.297        8.813       31.751   
2011/06/29  23:34:11   298.762      24.664      277.273        8.113       31.905   
2011/06/29  23:34:12   298.561      24.671      246.674        5.989       32.149   
2011/06/29  23:34:13   298.964      24.755      303.604        8.821       31.772   
2011/06/29  23:34:14   298.762      24.630      275.114        7.721       31.975   
2011/06/29  23:34:15   298.762      24.616      258.663        6.343       32.170   
2011/06/29  23:34:16   298.762      24.783      226.228        5.928       31.772   
2011/06/29  23:34:17   298.561      24.832      233.333        5.891       30.371   
2011/06/29  23:34:18   298.964      24.902      284.693        6.252       30.210   
2011/06/29  23:34:19   298.762      24.909      314.479        8.640       29.952   
2011/06/29  23:34:20   298.964      24.720      344.397        8.715       30.894   
2011/06/29  23:34:21   298.561      24.748      298.118        8.783       31.772   
2011/06/29  23:34:22   298.762      24.657      276.432        7.985       31.898   
2011/06/29  23:34:23   298.561      24.706      239.716        5.974       32.044   
2011/06/29  23:34:24   298.762      24.839      228.982        5.876       30.391   
2011/06/29  23:34:25   298.762      24.832      275.444        5.883       30.280   
2011/06/29  23:34:26   298.561      24.909      314.486        8.618       29.938   
2011/06/29  23:34:27   298.762      24.734      343.529        8.678       30.775   
2011/06/29  23:34:28   298.762      24.755      299.652        8.821       31.807   
2011/06/29  23:34:29   298.762      24.623      272.949        7.495       32.030   
2011/06/29  23:34:30   298.964      24.727      235.764        5.966       32.016   
2011/06/29  23:34:32   298.762      24.846      218.647        5.928       31.159   
2011/06/29  23:34:33   298.561      24.839      279.136        5.898       30.287   
2011/06/29  23:34:34   298.964      24.950      289.661        6.975       30.126   
2011/06/29  23:34:35   298.762      24.811      331.302        8.700       30.154   
2011/06/29  23:34:36   298.762      24.734      340.004        8.768       31.514   
2011/06/29  23:34:37   298.964      24.748      293.774        8.761       31.800   
2011/06/29  23:34:38   298.762      24.602      271.898        7.314       32.023   
2011/06/29  23:34:39   298.964      24.839      218.857        5.951       31.368   
2011/06/29  23:34:40   298.762      24.825      269.194        5.845       30.308   
2011/06/29  23:34:41   298.964      24.964      293.738        7.412       29.994   
2011/06/29  23:34:42   298.964      24.755      340.929        8.708       30.545   
2011/06/29  23:34:43   298.762      24.741      297.144        8.813       31.765   
2011/06/29  23:34:44   298.762      24.616      271.877        7.473       32.023   
2011/06/29  23:34:45   299.166      24.741      234.202        6.004       32.016   
2011/06/29  23:34:46   298.964      24.846      220.875        5.928       30.712   
2011/06/29  23:34:47   298.762      24.853      282.843        6.011       30.259   
2011/06/29  23:34:48   298.964      24.978      298.846        7.909       29.966   
2011/06/29  23:34:49   298.964      24.734      343.038        8.723       30.670   
2011/06/29  23:34:50   298.964      24.741      298.797        8.866       31.786   
2011/06/29  23:34:51   298.762      24.644      276.032        7.849       31.891   
2011/06/29  23:34:52   299.166      24.755      231.609        5.958       31.905   
2011/06/29  23:34:53   298.964      24.832      235.806        5.845       30.322   
2011/06/29  23:34:54   298.762      24.874      283.831        6.102       30.224   
2011/06/29  23:34:55   298.964      24.964      298.356        7.902       29.966   
2011/06/29  23:34:56   298.762      24.769      339.002        8.693       30.384   
2011/06/29  23:34:57   298.964      24.748      320.602        8.821       31.765   
2011/06/29  23:34:58   299.166      24.706      278.849        8.422       31.849   
2011/06/29  23:34:59   299.166      24.602      261.374        6.561       32.149   
2011/06/29  23:35:00   298.762      24.846      218.437        5.928       31.166   
2011/06/29  23:35:01   299.166      24.846      276.383        5.868       30.280   
2011/06/29  23:35:02   298.964      24.964      291.770        7.216       30.043   
2011/06/29  23:35:03   298.964      24.839      326.488        8.670       30.064   
2011/06/29  23:35:04   298.964      24.748      316.314        8.813       31.737   
2011/06/29  23:35:05   298.762      24.602      271.289        7.284       32.058   
2011/06/29  23:35:06   298.964      24.790      225.647        5.958       31.751   
2011/06/29  23:35:07   298.762      24.853      278.120        5.906       30.273   
2011/06/29  23:35:08   298.762      24.971      298.006        7.894       29.987   
2011/06/29  23:35:09   299.166      24.727      344.159        8.715       30.866   
2011/06/29  23:35:10   298.964      24.755      305.321        8.806       31.758   
2011/06/29  23:35:11   298.964      24.616      270.805        7.299       32.037   
2011/06/29  23:35:12   298.964      24.846      219.516        5.868       30.740   
2011/06/29  23:35:13   298.762      24.818      266.987        5.808       30.301   
2011/06/29  23:35:14   298.964      24.957      290.130        7.081       30.140   
2011/06/29  23:35:15   299.166      24.790      335.863        8.678       30.287   
2011/06/29  23:35:16   298.762      24.755      319.762        8.791       31.724   
2011/06/29  23:35:17   298.964      24.706      279.255        8.512       31.828   
2011/06/29  23:35:18   298.964      24.609      261.185        6.508       32.149   
2011/06/29  23:35:19   298.964      24.839      219.088        5.913       31.375   
2011/06/29  23:35:20   298.762      24.846      280.054        5.928       30.273   
2011/06/29  23:35:21   298.964      24.950      296.324        7.736       29.994   
2011/06/29  23:35:22   298.964      24.727      343.332        8.715       31.256   
2011/06/29  23:35:23   298.964      24.734      286.648        8.693       31.765   
2011/06/29  23:35:24   298.762      24.602      265.277        6.764       32.149   
2011/06/29  23:35:25   299.367      24.846      217.918        5.898       31.214   
2011/06/29  23:35:26   299.166      24.825      258.838        5.808       30.294   
2011/06/29  23:35:27   299.166      24.950      291.293        7.164       30.078   
2011/06/29  23:35:28   299.166      24.727      343.949        8.700       30.810   
2011/06/29  23:35:29   298.762      24.741      293.816        8.776       31.758   
2011/06/29  23:35:30   299.166      24.609      271.268        7.292       32.023   
2011/06/29  23:35:31   298.964      24.811      222.445        5.936       31.598   
2011/06/29  23:35:32   299.166      24.818      255.033        5.815       30.301   
2011/06/29  23:35:34   298.964      24.929      286.676        6.561       30.168   
2011/06/29  23:35:35   299.367      24.825      329.599        8.655       30.078   
2011/06/29  23:35:36   299.166      24.741      319.397        8.806       31.751   
2011/06/29  23:35:37   299.166      24.678      277.910        8.233       31.835   
2011/06/29  23:35:38   299.166      24.602      260.288        6.410       32.156   
2011/06/29  23:35:39   298.964      24.734      236.248        5.966       32.016   
2011/06/29  23:35:40   299.166      24.818      246.653        5.845       30.308   
2011/06/29  23:35:41   299.166      24.888      284.377        6.177       30.210   
2011/06/29  23:35:42   299.166      24.825      328.863        8.678       30.064   
2011/06/29  23:35:43   299.166      24.727      336.466        8.768       31.619   
2011/06/29  23:35:44   298.964      24.727      281.575        8.587       31.772   
2011/06/29  23:35:45   298.964      24.623      254.662        6.132       32.135   
2011/06/29  23:35:46   299.166      24.839      218.065        5.891       31.110   
2011/06/29  23:35:47   299.367      24.825      264.625        5.861       30.287   
2011/06/29  23:35:48   298.762      24.950      288.911        6.825       30.105   
2011/06/29  23:35:49   298.964      24.804      332.297        8.648       30.154   
2011/06/29  23:35:50   299.166      24.741      314.892        8.844       31.765   
2011/06/29  23:35:51   299.367      24.657      277.399        8.151       31.905   
2011/06/29  23:35:52   299.166      24.678      245.055        5.966       32.114   
2011/06/29  23:35:53   299.166      24.832      234.720        5.861       30.322   
2011/06/29  23:35:54   298.964      24.853      281.638        5.966       30.308   
2011/06/29  23:35:55   299.166      24.957      304.298        8.286       29.924   
2011/06/29  23:35:56   298.964      24.727      341.889        8.746       31.382   
2011/06/29  23:35:57   299.367      24.734      286.066        8.700       31.744   
2011/06/29  23:35:58   299.367      24.595      260.085        6.441       32.156   
2011/06/29  23:35:59   299.166      24.762      231.168        5.958       31.947   
2011/06/29  23:36:00   299.166      24.825      256.610        5.823       30.301   
2011/06/29  23:36:01   299.367      24.950      290.543        7.081       30.057   
2011/06/29  23:36:02   298.964      24.818      331.428        8.663       30.161   
2011/06/29  23:36:03   299.166      24.755      305.265        8.798       31.765   
2011/06/29  23:36:04   299.367      24.623      274.512        7.601       31.961   
2011/06/29  23:36:05   299.166      24.748      232.766        5.928       31.954   
2011/06/29  23:36:06   299.166      24.839      223.131        5.883       30.552   
2011/06/29  23:36:07   299.367      24.888      284.076        6.086       30.217   
2011/06/29  23:36:08   299.166      24.957      292.526        7.299       30.078   
2011/06/29  23:36:09   299.166      24.755      340.109        8.678       30.552   
2011/06/29  23:36:10   298.964      24.741      295.644        8.821       31.793   
2011/06/29  23:36:11   298.964      24.602      269.957        7.156       32.037   
2011/06/29  23:36:12   298.964      24.846      219.901        5.883       30.677   
2011/06/29  23:36:13   299.367      24.867      282.836        5.989       30.245   
2011/06/29  23:36:14   299.166      24.964      298.321        7.909       29.980   
2011/06/29  23:36:15   299.367      24.720      343.725        8.738       31.193   
2011/06/29  23:36:16   299.367      24.706      280.082        8.550       31.793   
2011/06/29  23:36:17   299.367      24.602      260.435        6.441       32.149   
2011/06/29  23:36:18   299.367      24.832      220.616        5.913       31.459   
2011/06/29  23:36:19   298.964      24.825      256.287        5.778       30.266   
2011/06/29  23:36:20   299.367      24.874      283.698        6.079       30.238   
2011/06/29  23:36:21   299.166      24.888      318.136        8.648       29.910   
2011/06/29  23:36:22   298.964      24.713      343.290        8.723       31.173   
2011/06/29  23:36:23   299.367      24.734      289.156        8.761       31.751   
2011/06/29  23:36:24   299.166      24.609      271.926        7.405       32.051   
2011/06/29  23:36:25   299.367      24.720      237.201        5.966       32.051   
2011/06/29  23:36:26   299.367      24.853      220.448        5.921       30.656   
2011/06/29  23:36:27   299.166      24.874      283.544        6.026       30.266   
2011/06/29  23:36:28   298.964      24.971      296.065        7.653       29.987   
2011/06/29  23:36:29   299.166      24.741      286.521        8.693       31.765   
2011/06/29  23:36:30   298.964      24.616      257.654        6.297       32.135   
2011/06/29  23:36:31   299.367      24.853      218.570        5.883       31.291   
2011/06/29  23:36:32   299.367      24.839      268.731        5.808       30.280   
2011/06/29  23:36:33   298.964      24.936      288.539        6.787       30.105   
2011/06/29  23:36:34   299.367      24.769      338.414        8.685       30.336   
2011/06/29  23:36:36   298.964      24.748      313.925        8.791       31.772   
2011/06/29  23:36:37   299.166      24.602      270.966        7.216       32.044   
2011/06/29  23:36:38   299.367      24.790      225.100        5.928       31.682   
2011/06/29  23:36:39   299.166      24.846      219.081        5.913       30.824   
2011/06/29  23:36:40   299.569      24.825      266.601        5.808       30.308   
2011/06/29  23:36:41   299.166      24.916      286.087        6.493       30.168   
2011/06/29  23:36:42   299.367      24.895      315.642        8.610       29.938   
2011/06/29  23:36:43   299.367      24.727      340.691        8.768       31.431   
2011/06/29  23:36:44   298.964      24.741      309.076        8.844       31.751   
2011/06/29  23:36:45   299.166      24.692      278.338        8.331       31.842   
2011/06/29  23:36:46   299.367      24.644      250.535        6.011       32.156   
2011/06/29  23:36:47   299.367      24.790      225.373        5.928       31.675   
2011/06/29  23:36:48   299.166      24.832      270.266        5.778       30.273   
2011/06/29  23:36:49   299.569      24.916      285.499        6.350       30.210   
2011/06/29  23:36:50   299.569      24.957      305.853        8.331       29.917   
2011/06/29  23:36:51   299.367      24.755      339.212        8.723       30.196   
2011/06/29  23:36:52   299.569      24.741      335.569        8.776       31.605   
2011/06/29  23:36:53   299.367      24.720      282.275        8.648       31.807   
2011/06/29  23:36:54   299.367      24.609      272.109        7.412       32.009   
2011/06/29  23:36:55   299.569      24.699      241.398        5.913       32.121   
2011/06/29  23:36:56   299.569      24.839      228.400        5.853       30.454   
2011/06/29  23:36:57   299.569      24.853      281.421        5.891       30.238   
2011/06/29  23:36:58   299.367      24.936      288.259        6.810       30.099   
2011/06/29  23:36:59   299.166      24.964      304.900        8.339       29.938   
2011/06/29  23:37:00   299.367      24.762      338.673        8.670       30.398   
2011/06/29  23:37:01   299.166      24.741      326.208        8.806       31.724   
2011/06/29  23:37:02   299.166      24.706      279.431        8.520       31.821   
2011/06/29  23:37:03   299.367      24.616      272.235        7.518       31.975   
2011/06/29  23:37:04   299.166      24.706      238.728        5.936       32.044   
2011/06/29  23:37:05   299.367      24.853      219.179        5.921       30.866   
2011/06/29  23:37:06   299.569      24.825      254.402        5.770       30.294   
2011/06/29  23:37:07   299.367      24.916      285.597        6.350       30.189   
2011/06/29  23:37:08   299.367      24.929      309.959        8.497       29.903   
2011/06/29  23:37:09   299.367      24.776      338.631        8.685       30.301   
2011/06/29  23:37:10   299.367      24.804      332.829        8.685       30.175   
2011/06/29  23:37:11   299.569      24.860      324.771        8.640       29.994   
2011/06/29  23:37:12   299.367      24.818      330.097        8.595       30.036   
2011/06/29  23:37:13   299.569      24.860      322.221        8.648       29.973   
2011/06/29  23:37:14   299.569      24.881      318.178        8.602       29.952   
2011/06/29  23:37:15   299.367      24.888      319.516        8.640       29.952   
2011/06/29  23:37:16   299.367      24.748      340.298        8.655       30.510   
2011/06/29  23:37:17   299.770      24.748      301.852        8.806       31.744   
2011/06/29  23:37:18   299.166      24.699      278.492        8.316       31.835   
2011/06/29  23:37:19   299.569      24.616      272.907        7.442       31.961   
2011/06/29  23:37:20   299.367      24.616      257.471        6.320       32.142   
2011/06/29  23:37:21   299.367      24.741      232.787        5.928       31.919   
2011/06/29  23:37:22   299.367      24.846      219.943        5.913       30.796   
2011/06/29  23:37:23   299.367      24.839      277.245        5.845       30.259   
2011/06/29  23:37:24   299.569      24.957      289.275        6.930       30.085   
2011/06/29  23:37:25   299.569      24.895      317.232        8.602       29.945   
2011/06/29  23:37:26   299.367      24.741      325.612        8.776       31.682   
2011/06/29  23:37:27   299.569      24.713      279.284        8.474       31.800   
2011/06/29  23:37:28   299.367      24.657      249.407        6.004       32.128   
2011/06/29  23:37:29   299.569      24.853      217.799        5.898       31.145   
2011/06/29  23:37:30   299.569      24.825      261.640        5.800       30.280   
2011/06/29  23:37:31   299.367      24.950      288.988        6.893       30.105   
2011/06/29  23:37:32   299.367      24.755      340.116        8.685       30.419   
2011/06/29  23:37:33   299.569      24.755      307.198        8.836       31.751   
2011/06/29  23:37:34   299.972      24.692      278.541        8.316       31.807   
2011/06/29  23:37:35   299.367      24.630      255.811        6.184       32.121   
2011/06/29  23:37:36   299.770      24.846      220.854        5.883       30.663   
2011/06/29  23:37:38   299.569      24.839      277.294        5.876       30.266   
2011/06/29  23:37:39   299.367      24.964      291.125        7.164       30.050   
2011/06/29  23:37:40   299.770      24.895      315.004        8.595       29.917   
2011/06/29  23:37:41   299.770      24.727      343.381        8.678       30.873   
2011/06/29  23:37:42   299.569      24.748      302.020        8.806       31.751   
2011/06/29  23:37:43   299.569      24.678      277.721        8.211       31.821   
2011/06/29  23:37:44   299.367      24.609      259.826        6.410       32.135   
2011/06/29  23:37:45   299.367      24.776      228.975        5.936       31.842   
2011/06/29  23:37:46   299.569      24.825      237.958        5.861       30.315   
2011/06/29  23:37:47   299.569      24.881      283.817        6.086       30.203   
2011/06/29  23:37:48   299.569      24.964      298.811        7.902       29.952   
2011/06/29  23:37:49   299.367      24.762      338.953        8.640       30.384   
2011/06/29  23:37:50   299.367      24.755      315.537        8.806       31.737   
2011/06/29  23:37:51   299.569      24.692      278.204        8.263       31.807   
2011/06/29  23:37:52   299.367      24.644      252.511        6.086       32.135   
2011/06/29  23:37:53   299.367      24.853      218.374        5.921       30.942   
2011/06/29  23:37:54   299.367      24.825      259.216        5.823       30.301   
2011/06/29  23:37:55   299.569      24.936      288.161        6.749       30.112   
2011/06/29  23:37:56   299.770      24.874      320.105        8.655       29.938   
2011/06/29  23:37:57   299.569      24.720      343.248        8.723       31.131   
2011/06/29  23:37:58   299.166      24.748      303.317        8.783       31.737   
2011/06/29  23:37:59   299.367      24.630      274.218        7.623       31.947   
2011/06/29  23:38:00   299.569      24.623      254.017        6.162       32.121   
2011/06/29  23:38:01   299.367      24.818      221.891        5.913       31.619   
2011/06/29  23:38:02   299.569      24.839      225.107        5.861       30.489   
2011/06/29  23:38:03   299.367      24.853      279.080        5.906       30.266   
2011/06/29  23:38:04   299.367      24.950      288.855        6.862       30.078   
2011/06/29  23:38:05   299.569      24.846      325.598        8.640       29.980   
2011/06/29  23:38:06   299.367      24.720      343.269        8.708       30.942   
2011/06/29  23:38:07   299.569      24.748      312.587        8.738       31.696   
2011/06/29  23:38:08   299.569      24.651      276.432        8.075       31.898   
2011/06/29  23:38:09   299.367      24.609      260.947        6.418       32.100   
2011/06/29  23:38:10   299.569      24.846      218.857        5.898       30.838   
2011/06/29  23:38:11   299.770      24.825      263.077        5.845       30.329   
2011/06/29  23:38:12   299.569      24.964      292.435        7.247       30.029   
2011/06/29  23:38:13   299.569      24.846      324.407        8.610       29.994   
2011/06/29  23:38:14   299.569      24.755      301.453        8.761       31.744   
2011/06/29  23:38:15   299.569      24.616      270.007        7.141       31.996   
2011/06/29  23:38:16   299.569      24.811      222.753        5.958       31.486   
2011/06/29  23:38:17   299.367      24.832      276.067        5.845       30.273   
2011/06/29  23:38:18   299.569      24.964      295.378        7.533       30.001   
2011/06/29  23:38:19   299.569      24.727      342.870        8.685       30.726   
2011/06/29  23:38:20   299.569      24.755      303.513        8.806       31.758   
2011/06/29  23:38:21   299.569      24.651      276.109        7.947       31.912   
2011/06/29  23:38:22   299.569      24.630      256.322        6.230       32.114   
2011/06/29  23:38:23   299.569      24.846      219.355        5.898       30.838   
2011/06/29  23:38:24   299.569      24.832      277.700        5.876       30.266   
2011/06/29  23:38:25   299.770      24.964      295.462        7.586       29.994   
2011/06/29  23:38:26   299.569      24.720      343.725        8.663       30.991   
2011/06/29  23:38:27   299.770      24.741      287.979        8.708       31.744   
2011/06/29  23:38:28   299.367      24.602      262.201        6.531       32.114   
2011/06/29  23:38:29   299.569      24.839      220.027        5.913       31.375   
2011/06/29  23:38:30   299.770      24.825      272.844        5.793       30.231   
2011/06/29  23:38:31   299.972      24.957      302.910        8.196       29.910   
2011/06/29  23:38:32   299.569      24.727      342.996        8.670       30.712   
2011/06/29  23:38:33   299.972      24.748      294.670        8.731       31.731   
2011/06/29  23:38:34   299.972      24.616      255.636        6.260       32.128   
2011/06/29  23:38:35   299.770      24.839      220.146        5.898       31.333   
2011/06/29  23:38:36   299.972      24.825      272.263        5.800       30.252   
2011/06/29  23:38:37   299.569      24.957      298.832        7.872       29.924   
2011/06/29  23:38:38   299.770      24.741      341.756        8.693       30.426   
2011/06/29  23:38:39   299.569      24.755      318.865        8.753       31.682   
2011/06/29  23:38:41   299.569      24.609      273.258        7.586       31.940   
2011/06/29  23:38:42   299.367      24.657      249.855        5.981       32.072   
2011/06/29  23:38:43   299.569      24.853      220.812        5.876       30.656   
2011/06/29  23:38:44   299.569      24.860      283.116        5.996       30.245   
2011/06/29  23:38:45   299.569      24.964      301.243        8.038       29.931   
2011/06/29  23:38:46   299.569      24.811      331.043        8.610       30.154   
2011/06/29  23:38:47   299.770      24.748      309.462        8.813       31.751   
2011/06/29  23:38:48   299.569      24.644      275.710        7.849       31.898   
2011/06/29  23:38:49   299.770      24.748      231.883        5.943       31.933   
2011/06/29  23:38:50   299.770      24.825      245.588        5.861       30.315   
2011/06/29  23:38:51   299.569      24.916      285.800        6.403       30.133   
2011/06/29  23:38:52   299.972      24.832      328.394        8.640       30.050   
2011/06/29  23:38:53   299.770      24.727      341.917        8.685       31.228   
2011/06/29  23:38:54   299.569      24.734      282.682        8.633       31.751   
2011/06/29  23:38:55   299.972      24.602      265.788        6.817       32.044   
2011/06/29  23:38:56   299.569      24.846      219.810        5.898       31.312   
2011/06/29  23:38:57   299.972      24.832      274.393        5.800       30.252   
2011/06/29  23:38:58   299.770      24.957      292.821        7.322       30.036   
2011/06/29  23:38:59   299.569      24.741      341.504        8.655       30.566   
2011/06/29  23:39:00   299.569      24.755      306.918        8.753       31.717   
2011/06/29  23:39:01   299.367      24.616      270.581        7.231       32.003   
2011/06/29  23:39:02   299.972      24.755      232.380        5.928       31.919   
2011/06/29  23:39:03   299.770      24.839      225.149        5.876       30.538   
2011/06/29  23:39:04   299.770      24.853      281.988        5.943       30.266   
2011/06/29  23:39:05   299.770      24.964      299.365        7.985       29.959   
2011/06/29  23:39:06   299.972      24.720      343.606        8.663       30.949   
2011/06/29  23:39:07   299.972      24.741      285.527        8.602       31.724   
2011/06/29  23:39:08   299.972      24.602      267.645        6.983       32.086   
2011/06/29  23:39:09   299.770      24.762      230.159        5.913       31.870   
2011/06/29  23:39:10   299.569      24.825      242.988        5.853       30.322   
2011/06/29  23:39:11   299.770      24.881      284.398        6.154       30.196   
2011/06/29  23:39:12   299.972      24.922      311.353        8.520       29.910   
2011/06/29  23:39:13   299.770      24.720      343.010        8.670       31.103   
2011/06/29  23:39:14   299.770      24.734      289.682        8.723       31.828   
2011/06/29  23:39:15   299.569      24.616      271.996        7.269       32.009   
2011/06/29  23:39:16   299.972      24.734      234.559        5.958       31.940   
2011/06/29  23:39:17   299.972      24.825      231.623        5.838       30.364   
2011/06/29  23:39:18   299.972      24.853      282.640        5.966       30.252   
2011/06/29  23:39:19   299.972      24.964      297.922        7.827       29.938   
2011/06/29  23:39:20   300.174      24.755      340.355        8.602       30.440   
2011/06/29  23:39:21   299.569      24.748      315.326        8.746       31.675   
2011/06/29  23:39:22   299.972      24.706      279.108        8.452       31.758   
2011/06/29  23:39:23   299.569      24.616      271.408        7.292       31.989   
2011/06/29  23:39:24   299.972      24.630      254.087        6.147       32.107   
2011/06/29  23:39:25   299.972      24.832      219.095        5.883       31.270   
2011/06/29  23:39:26   299.569      24.811      246.919        5.845       30.287   
2011/06/29  23:39:27   299.972      24.936      287.853        6.667       30.071   
2011/06/29  23:39:28   299.972      24.867      319.867        8.595       29.945   
2011/06/29  23:39:29   299.972      24.727      342.316        8.678       31.298   
2011/06/29  23:39:30   299.972      24.755      296.934        8.723       31.731   
2011/06/29  23:39:31   299.972      24.630      274.498        7.638       31.940   
2011/06/29  23:39:32   299.770      24.651      251.116        6.049       32.121   
2011/06/29  23:39:33   299.972      24.839      219.285        5.868       31.354   
2011/06/29  23:39:34   299.770      24.818      246.184        5.845       30.294   
2011/06/29  23:39:35   299.972      24.936      287.986        6.682       30.092   
2011/06/29  23:39:36   299.972      24.950      303.863        8.211       29.973   
2011/06/29  23:39:37   299.972      24.755      339.647        8.625       30.419   
2011/06/29  23:39:38   299.972      24.748      319.755        8.731       31.710   
2011/06/29  23:39:39   300.174      24.706      278.786        8.392       31.786   
2011/06/29  23:39:40   299.569      24.602      262.068        6.576       32.128   
2011/06/29  23:39:41   299.770      24.790      225.002        5.913       31.675   
2011/06/29  23:39:43   300.174      24.846      220.497        5.891       30.670   
2011/06/29  23:39:44   299.972      24.811      257.093        5.815       30.287   
2011/06/29  23:39:45   299.972      24.881      283.922        6.056       30.210   
2011/06/29  23:39:46   300.174      24.936      287.818        6.719       30.140   
2011/06/29  23:39:47   300.174      24.895      316.567        8.587       29.924   
2011/06/29  23:39:48   300.174      24.720      342.407        8.580       30.935   
2011/06/29  23:39:49   299.972      24.748      299.449        8.738       31.689   
2011/06/29  23:39:50   299.770      24.644      275.997        7.932       31.940   
2011/06/29  23:39:51   299.972      24.678      246.814        5.981       32.072   
2011/06/29  23:39:52   299.972      24.846      218.339        5.891       30.942   
2011/06/29  23:39:53   300.174      24.832      259.524        5.815       30.252   
2011/06/29  23:39:54   299.972      24.867      283.396        6.034       30.224   
2011/06/29  23:39:55   299.972      24.971      299.645        7.917       29.945   
2011/06/29  23:39:56   299.770      24.776      337.293        8.640       30.336   
2011/06/29  23:39:57   299.972      24.734      328.793        8.738       31.654   
2011/06/29  23:39:58   299.569      24.720      281.701        8.520       31.758   
2011/06/29  23:39:59   299.770      24.623      273.244        7.488       31.961   
2011/06/29  23:40:00   299.972      24.776      228.225        5.936       31.786   
2011/06/29  23:40:01   300.174      24.839      234.959        5.853       30.315   
2011/06/29  23:40:02   299.972      24.860      283.011        5.966       30.210   
2011/06/29  23:40:03   300.174      24.909      314.240        8.505       29.875   
2011/06/29  23:40:04   300.174      24.818      329.298        8.557       30.085   
2011/06/29  23:40:05   299.972      24.727      338.140        8.693       31.465   
2011/06/29  23:40:06   299.972      24.713      279.312        8.422       31.765   
2011/06/29  23:40:07   299.770      24.630      256.154        6.222       32.086   
2011/06/29  23:40:08   300.174      24.818      242.155        5.800       30.266   
2011/06/29  23:40:09   299.569      24.874      283.558        6.064       30.231   
2011/06/29  23:40:10   299.770      24.957      306.701        8.354       29.903   
2011/06/29  23:40:11   299.972      24.720      280.972        7.201       31.005   
2011/06/29  23:40:12   300.174      24.804      281.035        7.118       30.991   
2011/06/29  23:40:13   300.174      24.874      281.098        7.126       30.991   
2011/06/29  23:40:14   299.972      24.867      281.161        7.073       30.935   
2011/06/29  23:40:15   300.174      24.818      281.175        7.179       30.928   
2011/06/29  23:40:16   299.972      24.706      281.077        7.194       30.956   
2011/06/29  23:40:17   299.972      24.692      281.007        7.224       30.998   
2011/06/29  23:40:18   299.972      24.762      280.993        7.149       30.998   
2011/06/29  23:40:19   299.972      24.839      281.063        7.096       30.963   
2011/06/29  23:40:20   299.972      24.874      281.133        7.111       30.928   
2011/06/29  23:40:21   300.174      24.839      281.175        7.134       30.935   
2011/06/29  23:40:22   300.174      24.755      281.112        7.164       30.935   
2011/06/29  23:40:23   299.972      24.692      281.021        7.201       30.977   
2011/06/29  23:40:24   299.972      24.706      280.993        7.179       31.019   
2011/06/29  23:40:25   300.174      24.748      280.993        7.156       30.984   
2011/06/29  23:40:26   300.174      24.832      281.056        7.111       30.956   
2011/06/29  23:40:27   300.174      24.867      281.126        7.073       30.894   
2011/06/29  23:40:28   300.174      24.839      219.495        5.958       31.347   
2011/06/29  23:40:29   300.174      24.811      256.189        5.778       30.259   
2011/06/29  23:40:30   299.972      24.902      285.162        6.328       30.161   
2011/06/29  23:40:31   299.972      24.902      315.530        8.580       29.924   
2011/06/29  23:40:32   300.375      24.727      339.871        8.700       31.452   
2011/06/29  23:40:33   300.375      24.755      304.956        8.761       31.710   
2011/06/29  23:40:34   300.174      24.616      272.760        7.299       32.016   
2011/06/29  23:40:35   299.972      24.762      230.692        5.913       31.856   
2011/06/29  23:40:36   300.174      24.825      240.158        5.861       30.371   
2011/06/29  23:40:37   299.972      24.846      281.645        5.913       30.231   
2011/06/29  23:40:38   300.174      24.957      300.948        8.045       29.931   
2011/06/29  23:40:39   300.375      24.727      342.379        8.610       30.636   
2011/06/29  23:40:40   300.174      24.748      295.974        8.753       31.737   
2011/06/29  23:40:41   299.972      24.630      273.566        7.578       31.884   
2011/06/29  23:40:42   299.972      24.776      228.379        5.928       31.800   
2011/06/29  23:40:43   300.174      24.846      221.814        5.868       30.622   
2011/06/29  23:40:44   299.972      24.825      268.815        5.793       30.245   
2011/06/29  23:40:46   300.375      24.888      284.553        6.177       30.168   
2011/06/29  23:40:47   300.174      24.957      294.264        7.480       30.029   
2011/06/29  23:40:48   300.174      24.769      337.068        8.610       30.252   
2011/06/29  23:40:49   300.174      24.727      341.973        8.625       31.180   
2011/06/29  23:40:50   300.174      24.748      298.538        8.731       31.703   
2011/06/29  23:40:51   300.174      24.630      274.141        7.608       31.954   
2011/06/29  23:40:52   300.174      24.685      247.214        5.981       32.114   
2011/06/29  23:40:53   299.770      24.853      218.269        5.883       31.089   
2011/06/29  23:40:54   300.375      24.825      268.984        5.793       30.252   
2011/06/29  23:40:55   300.174      24.922      287.369        6.644       30.105   
2011/06/29  23:40:56   299.972      24.839      325.542        8.557       29.994   
2011/06/29  23:40:57   300.375      24.720      341.048        8.670       31.298   
2011/06/29  23:40:58   300.174      24.727      280.881        8.602       31.807   
2011/06/29  23:40:59   300.174      24.651      275.780        7.879       31.856   
2011/06/29  23:41:00   299.972      24.637      253.765        6.162       32.107   
2011/06/29  23:41:01   300.375      24.825      220.784        5.891       31.445   
2011/06/29  23:41:02   300.174      24.825      255.313        5.815       30.308   
2011/06/29  23:41:03   300.174      24.895      284.833        6.245       30.189   
2011/06/29  23:41:04   300.174      24.964      302.952        8.135       29.924   
2011/06/29  23:41:05   300.174      24.748      340.298        8.625       30.489   
2011/06/29  23:41:06   299.972      24.741      340.985        8.610       30.573   
2011/06/29  23:41:07   299.972      24.748      315.228        8.731       31.696   
2011/06/29  23:41:08   300.174      24.685      277.595        8.211       31.814   
2011/06/29  23:41:09   300.174      24.602      265.634        6.734       32.086   
2011/06/29  23:41:10   300.375      24.783      227.398        5.913       31.870   
2011/06/29  23:41:11   300.375      24.846      220.812        5.876       30.747   
2011/06/29  23:41:12   300.174      24.839      275.906        5.838       30.259   
2011/06/29  23:41:13   300.174      24.881      284.181        6.147       30.224   
2011/06/29  23:41:14   300.375      24.916      312.433        8.497       29.903   
2011/06/29  23:41:15   300.174      24.734      342.590        8.610       30.768   
2011/06/29  23:41:16   300.174      24.741      331.169        8.685       31.570   
2011/06/29  23:41:17   300.174      24.699      278.898        8.429       31.772   
2011/06/29  23:41:18   300.174      24.602      269.061        7.058       32.030   
2011/06/29  23:41:19   300.174      24.713      237.537        5.936       32.030   
2011/06/29  23:41:20   300.174      24.846      219.712        5.853       30.719   
2011/06/29  23:41:21   300.174      24.818      248.475        5.838       30.294   
2011/06/29  23:41:22   300.375      24.895      284.840        6.199       30.175   
2011/06/29  23:41:23   300.174      24.957      296.429        7.623       29.945   
2011/06/29  23:41:24   300.375      24.804      331.477        8.595       30.147   
2011/06/29  23:41:25   300.174      24.720      343.318        8.618       31.026   
2011/06/29  23:41:26   300.375      24.727      341.840        8.655       31.270   
2011/06/29  23:41:27   300.375      24.755      314.394        8.715       31.689   
2011/06/29  23:41:28   300.375      24.685      277.686        8.211       31.772   
2011/06/29  23:41:29   300.375      24.630      255.061        6.154       32.100   
2011/06/29  23:41:30   300.174      24.832      219.684        5.913       31.410   
2011/06/29  23:41:31   300.174      24.839      223.047        5.868       30.538   
2011/06/29  23:41:32   300.174      24.825      266.952        5.793       30.259   
2011/06/29  23:41:33   300.174      24.909      285.323        6.320       30.154   
2011/06/29  23:41:34   300.375      24.950      303.926        8.203       29.924   
2011/06/29  23:41:35   300.174      24.783      335.709        8.587       30.203   
2011/06/29  23:41:36   300.375      24.727      338.855        8.685       31.417   
2011/06/29  23:41:37   299.972      24.755      303.828        8.715       31.682   
2011/06/29  23:41:38   300.174      24.664      276.964        8.060       31.828   
2011/06/29  23:41:39   300.375      24.609      263.371        6.591       32.051   
2011/06/29  23:41:40   300.174      24.762      229.809        5.928       31.856   
2011/06/29  23:41:41   300.375      24.825      245.917        5.830       30.287   
2011/06/29  23:41:42   300.375      24.943      288.056        6.734       30.119   
2011/06/29  23:41:43   300.174      24.929      310.274        8.429       29.910   
2011/06/29  23:41:44   300.375      24.741      333.908        8.670       31.563   
2011/06/29  23:41:45   300.375      24.713      279.094        8.399       31.765   
2011/06/29  23:41:46   300.174      24.602      263.350        6.606       32.051   
2011/06/29  23:41:48   300.375      24.804      224.098        5.928       31.612   
2011/06/29  23:41:49   300.375      24.818      250.738        5.823       30.280   
2011/06/29  23:41:50   300.375      24.902      285.190        6.305       30.196   
2011/06/29  23:41:51   300.375      24.950      305.265        8.286       29.903   
2011/06/29  23:41:52   300.174      24.720      343.255        8.663       30.935   
2011/06/29  23:41:53   300.375      24.755      295.273        8.663       31.703   
2011/06/29  23:41:54   300.375      24.609      267.912        6.983       31.982   
2011/06/29  23:41:55   300.174      24.825      221.274        5.898       31.403   
2011/06/29  23:41:56   300.174      24.825      266.678        5.778       30.259   
2011/06/29  23:41:57   300.375      24.922      286.388        6.561       30.147   
2011/06/29  23:41:58   300.375      24.783      334.889        8.565       30.168   
2011/06/29  23:41:59   300.174      24.734      330.776        8.625       31.591   
2011/06/29  23:42:00   300.375      24.671      276.474        8.045       31.877   
2011/06/29  23:42:01   300.174      24.657      248.776        5.966       32.065   
2011/06/29  23:42:02   300.375      24.832      228.316        5.793       30.391   
2011/06/29  23:42:03   300.375      24.853      282.584        5.913       30.210   
2011/06/29  23:42:04   300.577      24.964      292.842        7.269       29.980   
2011/06/29  23:42:05   300.375      24.769      337.825        8.580       30.287   
2011/06/29  23:42:06   300.375      24.755      314.997        8.670       31.668   
2011/06/29  23:42:07   300.375      24.692      278.218        8.196       31.737   
2011/06/29  23:42:08   300.375      24.637      253.225        6.079       32.100   
2011/06/29  23:42:09   300.577      24.832      219.684        5.891       31.242   
2011/06/29  23:42:10   300.375      24.818      261.304        5.778       30.259   
2011/06/29  23:42:11   300.375      24.943      289.927        6.975       30.050   
2011/06/29  23:42:12   300.375      24.804      331.680        8.580       30.085   
2011/06/29  23:42:13   300.375      24.741      329.060        8.700       31.612   
2011/06/29  23:42:14   300.174      24.664      276.474        7.909       31.849   
2011/06/29  23:42:15   300.375      24.664      248.531        5.989       32.058   
2011/06/29  23:42:16   300.375      24.853      219.915        5.861       30.698   
2011/06/29  23:42:17   300.375      24.839      278.541        5.876       30.203   
2011/06/29  23:42:18   300.375      24.957      295.728        7.555       29.952   
2011/06/29  23:42:19   300.174      24.713      343.508        8.625       30.970   
2011/06/29  23:42:20   300.375      24.755      302.329        8.715       31.696   
2011/06/29  23:42:21   300.174      24.637      274.967        7.721       31.870   
2011/06/29  23:42:22   300.174      24.692      243.360        5.921       32.065   
2011/06/29  23:42:23   300.375      24.825      238.903        5.808       30.245   
2011/06/29  23:42:24   300.577      24.727      281.105        7.096       30.887   
2011/06/29  23:42:25   300.577      24.943      305.594        8.241       29.910   
2011/06/29  23:42:26   300.577      24.699      281.042        7.179       31.005   
2011/06/29  23:42:27   300.375      24.734      280.958        7.156       31.019   
2011/06/29  23:42:28   300.375      24.804      281.000        7.141       31.005   
2011/06/29  23:42:29   300.375      24.853      281.049        7.058       30.928   
2011/06/29  23:42:30   300.577      24.874      281.119        7.058       30.921   
2011/06/29  23:42:31   300.375      24.832      281.133        7.111       30.942   
2011/06/29  23:42:32   300.375      24.755      281.091        7.141       30.908   
2011/06/29  23:42:33   300.375      24.699      281.000        7.209       30.984   
2011/06/29  23:42:34   300.375      24.706      280.958        7.186       31.019   
2011/06/29  23:42:35   300.577      24.769      280.972        7.118       31.026   
2011/06/29  23:42:36   300.375      24.839      281.014        7.149       30.991   
2011/06/29  23:42:37   300.577      24.867      281.091        7.036       30.935   
2011/06/29  23:42:38   300.577      24.860      281.133        7.096       30.887   
2011/06/29  23:42:39   300.174      24.790      281.112        7.126       30.908   
2011/06/29  23:42:40   300.174      24.720      281.056        7.126       30.942   
2011/06/29  23:42:41   300.375      24.699      281.014        7.201       30.963   
2011/06/29  23:42:42   300.375      24.706      280.951        7.118       30.984   
2011/06/29  23:42:43   300.375      24.769      280.965        7.164       30.984   
2011/06/29  23:42:44   300.375      24.853      281.021        7.058       30.921   
2011/06/29  23:42:45   300.375      24.895      281.105        6.998       30.970   
2011/06/29  23:42:46   300.174      24.888      281.133        7.134       30.928   
2011/06/29  23:42:47   300.778      28.898      281.133        7.473       30.949   
2011/06/29  23:42:48   300.375      33.180      281.091        7.126       30.963   
2011/06/29  23:42:50   300.577      24.727      281.063        7.254       30.998   
2011/06/29  23:42:51   300.577      31.764      281.007        7.239       30.998   
2011/06/29  23:42:52   300.577      27.119      280.944        7.149       31.012   
2011/06/29  23:42:53   300.174      24.769      280.965        7.088       30.949   
2011/06/29  23:42:54   300.375      26.303      281.028        7.058       30.901   
2011/06/29  23:42:55   300.375      24.867      281.112        7.134       30.921   
2011/06/29  23:42:56   300.375      24.853      281.133        7.141       30.935   
2011/06/29  23:42:57   300.174      24.769      281.084        7.164       30.991   
2011/06/29  23:42:58   300.375      24.692      281.028        7.171       31.012   
2011/06/29  23:42:59   300.577      24.685      280.972        7.149       30.998   
2011/06/29  23:43:00   300.174      24.727      280.930        7.118       30.984   
2011/06/29  23:43:01   300.375      24.797      280.986        7.058       30.970   
2011/06/29  23:43:02   300.577      24.867      281.042        7.096       30.935   
2011/06/29  23:43:03   300.375      24.902      281.084        7.111       30.894   
2011/06/29  23:43:04   300.577      24.867      281.126        7.126       30.915   
2011/06/29  23:43:05   300.577      24.790      281.105        7.118       30.928   
2011/06/29  23:43:06   300.577      24.713      281.028        7.171       30.949   
2011/06/29  23:43:07   300.577      24.685      280.937        7.134       31.033   
2011/06/29  23:43:08   300.375      24.727      280.937        7.103       30.991   
2011/06/29  23:43:09   300.577      24.797      280.979        7.126       30.970   
2011/06/29  23:43:10   300.577      24.860      281.035        7.081       30.949   
2011/06/29  23:43:11   300.778      24.860      281.105        7.088       30.921   
2011/06/29  23:43:12   300.577      24.783      281.091        7.111       30.928   
2011/06/29  23:43:13   300.375      24.713      281.021        7.179       30.949   
2011/06/29  23:43:14   300.375      24.706      280.944        7.179       31.005   
2011/06/29  23:43:15   300.375      24.762      280.944        7.126       30.963   
2011/06/29  23:43:16   300.375      24.853      281.007        7.073       30.956   
2011/06/29  23:43:17   300.577      24.867      281.119        7.088       30.942   
2011/06/29  23:43:18   300.577      24.818      281.112        7.141       30.915   
2011/06/29  23:43:19   300.375      24.748      281.063        7.156       30.935   
2011/06/29  23:43:20   300.577      24.692      280.986        7.209       30.984   
2011/06/29  23:43:21   300.577      24.706      280.937        7.171       30.991   
2011/06/29  23:43:22   300.375      24.797      280.972        7.134       30.991   
2011/06/29  23:43:23   300.778      24.867      281.028        7.088       30.935   
2011/06/29  23:43:24   300.577      24.874      281.091        7.043       30.873   
2011/06/29  23:43:25   300.577      24.790      281.098        7.096       30.887   
2011/06/29  23:43:26   300.577      24.706      281.021        7.171       30.970   
2011/06/29  23:43:27   300.577      24.692      280.951        7.186       31.012   
2011/06/29  23:43:28   300.577      24.713      280.923        7.171       31.012   
2011/06/29  23:43:29   300.577      24.748      280.937        7.149       30.991   
2011/06/29  23:43:30   300.577      24.811      280.972        7.126       30.970   
2011/06/29  23:43:31   300.375      24.874      281.049        7.051       30.894   
2011/06/29  23:43:32   300.375      24.867      281.105        7.066       30.921   
2011/06/29  23:43:33   300.577      24.825      281.112        7.081       30.915   
2011/06/29  23:43:34   300.174      24.713      281.028        7.149       30.921   
2011/06/29  23:43:35   300.778      24.699      280.951        7.179       31.012   
2011/06/29  23:43:36   300.577      24.755      280.937        7.126       30.998   
2011/06/29  23:43:37   300.577      24.846      280.986        7.073       30.963   
2011/06/29  23:43:38   300.778      24.874      281.077        7.058       30.908   
2011/06/29  23:43:39   300.375      24.860      281.112        7.051       30.866   
2011/06/29  23:43:40   300.577      24.790      281.091        7.081       30.915   
2011/06/29  23:43:41   300.577      24.727      281.021        7.141       30.921   
2011/06/29  23:43:42   300.375      24.692      280.972        7.171       30.942   
2011/06/29  23:43:43   300.577      24.706      280.930        7.141       30.998   
2011/06/29  23:43:44   300.778      24.762      280.937        7.126       30.970   
2011/06/29  23:43:45   300.375      24.832      280.986        7.081       30.956   
2011/06/29  23:43:46   300.577      24.874      281.042        7.043       30.935   
2011/06/29  23:43:47   300.375      24.874      281.098        7.081       30.901   
2011/06/29  23:43:48   300.577      24.832      281.105        7.096       30.887   
2011/06/29  23:43:49   300.577      24.776      281.077        7.126       30.949   
2011/06/29  23:43:50   300.778      24.734      281.042        7.149       30.935   
2011/06/29  23:43:51   300.375      24.699      280.979        7.194       30.963   
2011/06/29  23:43:53   300.577      24.706      280.923        7.164       30.998   
2011/06/29  23:43:54   300.577      24.769      280.958        7.134       30.963   
2011/06/29  23:43:55   300.577      24.860      281.035        7.058       30.935   
2011/06/29  23:43:56   300.778      24.867      281.105        7.051       30.887   
2011/06/29  23:43:57   300.778      24.783      281.084        7.111       30.901   
2011/06/29  23:43:58   300.778      24.727      281.035        7.141       30.901   
2011/06/29  23:43:59   300.778      24.692      280.944        7.164       30.977   
2011/06/29  23:44:00   300.778      24.741      280.930        7.149       30.984   
2011/06/29  23:44:01   300.577      24.825      280.986        7.088       30.956   
2011/06/29  23:44:02   300.778      24.881      281.070        7.058       30.921   
2011/06/29  23:44:03   300.375      24.860      281.112        7.043       30.866   
2011/06/29  23:44:04   300.577      24.769      281.070        7.126       30.915   
2011/06/29  23:44:05   300.778      24.706      281.007        7.141       30.949   
2011/06/29  23:44:06   300.778      24.699      280.930        7.179       30.991   
